%extract indicies of crack ext vals;

%Iso1
%ms = 59;
%ss = 17;
%is = 15;
%min = [13,16,18,18,19,22,23,24,25,27,27,29,33,35,1,2,2,3,6,6,7,8,8,12,13];
%sec = [40,11,1,39,12,41,57,13,21,2,47,31,43,45,59,25,50,17,31,52,49,47,56,35,29];
%min(is:length(min)) = min(is:length(min))+ms;
%sec(is:length(min)) = sec(is:length(min))+ss;
%min = min(1:14);
%sec = sec(1:14);
%min = min(15:length(min));
%sec = sec(15:length(sec));

%Iso2
%min = [5,5,7,8,9,10,10,11,11,13,28,29];
%sec = [32,47,38,57,41,8,25,7,42,16,55,53];

%Iso3
% ms = 59;
% ss = 17;
% is = 13;
% min = [8,10,10,16,18,19,24,29,29,30,32,35,6,7,8,11,12,13,15];
% sec = [36,10,46,22,30,3,3,32,45,33,27,17,45,25,30,54,31,27,4];
% min(is:length(min)) = min(is:length(min))+ms;
% sec(is:length(min)) = sec(is:length(min))+ss;
% sec(:) = sec(:)+25;

%Iso3
% ms = 44;
% ss = 46;
% is = 7;
% min = [5,6,7,10,14,38,0,3,4];
% sec = [46,20,9,42,48,28,1,14,40];
% min(is:length(min)) = min(is:length(min))+ms;
% sec(is:length(min)) = sec(is:length(min))+ss;
% sec(:) = sec(:)+19;

%Iso4
min = [2,3,3,3,3,3,9,10,10,10,11,12,24,30,32,33];
sec = [43,0,9,17,23,26,20,12,31,45,38,7,19,10,25,23];
sec(:) = sec(:)+5;

%Iso5
% ms = 0;
% ss = 746;
% is = 1;
% min = [1,4,4,9,10,12,15];
% sec = [9,1,25,18,13,47,18];
% min(is:length(min)) = min(is:length(min))+ms;
% sec(is:length(min)) = sec(is:length(min))+ss;
% sec(:) = sec(:);

%Iso6
min = [7,8,8,21,29,31,37,41,46,48,51,52,52]/2;
sec = [48,0,7,25,6,46,45,35,58,17,52,37,55]/2;
% min = min(1:5);
% sec = sec(1:5);

%B1-S1
%min = [6,8,10,11,15,17,20,23,25,27,30,35,39];
%sec = [26,08,45,57,38,41,30,18,04,47,59,35,49];

%B1-S2
%min = [8,9,9,10,10,10,11,11,12,12,13,13,14,14,15,15,16,17,17,18,18,19,19,20,20,21,21,22,23,23,24,25,25,26,27,28,28,29,30,30,31,32,32,33];
%sec = [56,18,35,3,20,51,13,55,23,46,10,46,19,38,17,43,48,6,49,5,23,16,54,20,41,20,51,28,7,55,38,15,49,39,25,9,54,46,22,42,22,7,56,34];

%B1-S3
%min = [7,7,7,8,8,9,9,9,10,10,11,11,12,12,12,13,13,14,14,15,15,16,16,17,17,18,18,19,20,20,21,21,22,23,23,24,25,25,26,27,27,28,29,30,30,31];
%sec = [29,43,55,17,37,1,21,50,17,40,3,30,2,25,55,22,43,16,44,19,52,15,53,16,48,23,55,31,16,55,24,55,40,5,45,30,15,53,35,10,42,30,8,9,45,32];

%B1-S5
%min = [8,8,8,9,9,10,10,10,11,11,12,12,13,13,14,14,15,15,16,16,17,17,18,19,19,20,20,21,22,23,23,24,24,25,26,26,27,28,28,29,30,30,31,32];
%sec = [5,33,53,16,40,1,30,55,19,40,7,36,9,36,15,40,29,51,9,34,5,44,42,18,45,21,55,43,24,19,41,10,48,18,7,34,29,10,53,34,8,38,34,23];

%B1-S8
%min = [8,8,8,8,9,9,10,10,11,11,11,12,12,13,13,14,14,15,16,16,17,17,18,18,19,19,20,21,21,22,23,23,24,24,25,26,26,27,27,28,29,29,30,31];
%sec = [2,14,34,54,15,42,6,32,5,21,51,24,50,27,51,24,40,23,0,29,0,35,11,54,19,45,37,6,45,40,12,45,11,36,3,5,46,9,50,46,22,55,55,46];

%B1-S9
%min = [8,8,8,9,9,10,10,11,11,11,12,12,13,13,14,14,15,16,16,17,17,18,19,19,20,20,21,21,22,23,23,24,24,25,26,26,27,28,29,29,30,31,32,32];
%sec = [18,32,57,16,53,12,36,6,29,54,23,50,15,46,26,56,27,6,32,12,45,23,12,38,1,31,25,44,32,9,39,23,53,52,24,50,42,38,3,40,29,25,27,56];

%B1-DB visit sample
%min = [9,9,10,10,10,11,12,12,13,13,13,14,15,15,16,16,17,17,18,18,19,20,20,21,21,22,23,23,24,24,25,26,26,27,28,29,29,30,31,32,32]
%sec = [23,44,9,32,59,32,23,37,0,25,56,22,7,30,5,38,11,41,7,47,27,0,40,7,55,40,3,33,11,52,40,12,50,48,31,4,39,19,19,14,55];

%min = [12,14,17,20,22,25,28,31,36];
%sec = [11,20,0,32,36,58,40,38,0];

%B2-S2
%min = [7,7,7,8,8,9,9,9,10,10,11,11,11,12,12,13,13,14,14,15,15,16,16,17,17,18,18,19,19,20,21,21,22,23,23,24,24,25,25,26,27,27,28];
%sec = [20,35,55,17,48,5,25,47,8,35,10,26,53,25,45,11,54,20,42,16,38,6,39,15,42,18,42,10,57,32,2,46,33,11,45,10,55,22,56,25,5,40,15];

%B2-S3
%min = [7,7,7,8,8,8,9,9,10,10,10,11,11,12,12,13,13,14,14,14,15,15,16,17,17,18,18,19,19,20,20,21,21,22,23,23,24,24,25,26,26,27,28,28];
%sec = [11,24,46,10,25,47,15,38,4,32,52,20,49,9,40,8,37,1,26,55,26,53,26,6,27,2,38,2,33,9,49,5,52,27,0,38,15,58,38,22,59,30,0,44];

%B2-S4
%min = [6,6,6,6,7,7,7,8,8,9,9,9,10,10,11,11,11,12,12,13,13,14,14,15,15,16,16,17,18,18,19,19,20,21,21,22,23,23,24,24,25,25,26,27,28,29];
%sec = [0,22,36,53,12,33,53,16,38,0,22,50,21,39,2,40,57,24,59,27,51,21,47,17,59,27,59,38,11,31,16,47,37,7,44,25,10,41,17,47,17,57,31,12,7,16];

%B2-S5
%min = [6,6,6,7,7,7,8,8,8,9,9,10,10,11,11,11,12,12,13,13,14,14,15,15,16,16,17,17,18,19,19,20,20,21,21,22,23,23,24,24,25,26,27,27,28,29];
%sec = [22,35,55,22,39,57,13,36,59,28,53,15,41,4,32,55,3,49,20,50,15,37,9,43,12,39,20,47,28,1,30,6,33,16,55,30,9,38,19,47,31,25,9,32,19,7];

%B2S6
%min = [7,8,8,8,9,9,10,10,10,11,11,12,12,13,13,14,14,15,15,16,17,17,18,18,19,19,20,21,22,22,23,23,24,24,25,26,26,27,27,28,29,30,31,31];
%sec = [48,9,41,54,17,42,3,30,58,22,46,10,47,17,47,14,51,27,58,30,9,40,17,52,27,48,30,30,18,37,16,49,25,55,35,6,30,6,32,19,34,13,3,36];

%2m1
%min = [8,8,9,9,10,10,11,11,11,12,12,13,13,14,14,15,15,16,17,17,18,19,19,20,20,21,22,23,23,24,25,25,26,26,27,27,28,29,29,30,30,31,32,32];
%sec = [38,59,27,49,8,40,6,22,48,9,34,18,48,21,48,28,44,24,6,48,45,18,52,29,56,33,19,6,55,26,1,40,10,43,16,57,25,0,40,8,42,19,5,42];

%2m2
%min = [8,9,9,10,10,11,11,12,12,13,13,14,14,15,15,16,16,17,18,18,19,20,20,21,21,22,23,23,24,25,26,26,27,28,29,30,31,31,32,32,33,33,34,34];
%sec = [42,17,40,9,46,4,38,18,47,12,39,4,36,25,53,28,51,26,17,55,29,9,46,23,50,27,12,43,33,27,15,59,47,27,13,10,0,42,20,50,16,48,4,32];

%2m3
%min = [9,9,10,10,11,11,12,12,13,13,14,15,15,16,16,17,18,18,19,19,20,20,21,22,22,23,24,25,25,26,27,27,28,28,29,30,31,32,33,34,34,35,35,36];
%sec = [5,49,24,48,15,45,20,51,23,58,27,9,50,29,51,30,13,46,2,30,13,56,24,5,43,19,5,10,49,42,25,54,30,57,54,43,30,7,12,11,38,10,43,7];

%2s1
%min = [8,8,9,9,9,10,11,11,12,12,12,13,13,14,14,15,16,16,17,17,18,19,19,20,21,21,22,22,23,24,25,25,26,27,27,28,29,29,30,31,31,32,32,33];
%sec = [28,44,10,42,58,20,6,35,2,22,54,19,59,28,58,34,11,48,20,52,48,19,53,28,10,42,21,55,40,14,1,32,23,10,48,24,1,39,25,4,31,14,39,20];

%2s2
%min = [8,9,9,10,10,10,11,11,12,12,13,13,14,14,15,16,16,17,17,18,18,19,20,21,21,22,22,23,24,25,25,26,26,27,28,29,30,30,31,31,32,33,33];
%sec = [55,23,51,8,34,59,27,48,10,40,23,59,23,43,35,3,44,21,45,19,59,35,13,8,29,11,58,41,20,1,27,0,57,38,8,11,12,42,9,54,38,2,19];

%2s3
%min = [8,9,9,10,10,10,10,11,11,12,12,13,13,14,15,15,16,16,17,18,18,19,20,21,21,22,23,23,24,25,25,26,26,27,28,29,29,30,30,31,32,32,33];
%sec = [48,10,30,5,33,56,20,59,30,55,26,58,41,5,50,26,47,18,5,35,2,32,23,5,32,1,2,36,28,7,41,5,52,50,43,6,41,20,53,30,3,37,7];

%2s4
%min = [9,9,9,10,10,11,11,12,12,12,14,14,14,15,15,16,16,17,17,18,19,19,20,20,21,22,22,23,24,25,25,26,26,27,28,29,29,30,31,32,32,33,34,34];
%sec = [11,26,48,10,35,11,42,12,31,58,2,32,53,21,43,9,53,19,58,35,16,43,7,42,32,9,49,32,25,3,32,19,59,27,25,5,54,36,12,16,48,32,2,40];

%2s5
%min = [9,9,10,11,11,11,12,12,13,13,14,14,15,15,16,16,17,17,18,19,19,20,21,21,22,23,24,24,25,26,26,27,27,28,29,30,31,31,32,32,33,33];
%sec = [4,47,32,6,27,48,11,43,17,44,26,54,25,49,40,57,21,40,25,24,42,40,25,55,51,31,4,42,27,15,50,12,38,57,28,11,2,36,6,35,5,45];

%Tony Li
%HH LamA ResA 9-11
%min = [7,7,8,8,9,9,9,10,10,11,11,12,12,13,13,14,14,15,15,16,16,18,20,22,22,23,24,25,25,26,27,28,29,29,30,31,32,33,34,34,35,36,36,36,36,37,39,40,42,47,49,52,54,56,59];
%sec = [49,58,18,45,10,24,50,08,52,06,42,10,36,00,29,02,10,13,34,24,57,40,47,01,51,48,06,17,51,20,18,25,03,30,43,56,26,13,02,59,15,03,14,27,34,41,29,35,53,15,08,04,10,23,59];

%Tony Li
%HH LamA ResA 9-13
%a = [10,20,30,40,50,60,70,80,90,100,110,120,130,140,150,160,170,180,190,200,210,220,230,240,250,260,270,280,290,300,310,320,330,340,350,360,370,380,390,400,410,420,430,440,450,460,470,480,490,500,510,520,530,540,550,560,570,580,590,600,610,620,630,640,650,660];
%min = [6,6,6,7,7,8,8,10,11,11,11,12,12,12,13,14,14,15,16,16,17,18,19,20,20,21,22,22,23,24,25,26,26,27,28,28,29,29,30,31,32,32,33,34,35,36,36,37,38,38,39,39,40,40,40,41,42,42,43,44,45,46,46,47,47,47];
